574
984
708
943
388
779
733
882
661
593
71
10
523
722
304
312
396
395
162
318
114
644
724
74
305
13
192
241
313
808
497
15
579
272
442
878
461
795
282
969
130
293
138
772
205
286
777
123
153
191
698
31
625
342
174
751
994
594
373
852
676
69
46
169
264
78
536
913
613
251
5
44
89
190
38
327
430
353
269
492
866
145
418
443
70
237
334
639
677
763
941
971
633
7
372
602
959
572
790
184
747
833
309
609
84
526
86
933
113
516
371
532
993
986
928
52
85
94
275
57
361
455
349
741
774
586
598
290
672
879
226
528
788
514
847
730
754
141
743
136
287
942
42
270
284
232
555
354
604
596
997
249
513
927
809
427
422
606
231
131
658
90
76
702
509
159
223
48
640
208
905
298
73
659
156
246
467
370
95
51
700
689
154
829
56
588
54
858
179
635
999
28
501
255
83
735
244
203
178
490
865
247
631
963
116
801
96
14
193
669
150
333
97
181
720
392
912
72
415
660
207
636
456
531
581
163
605
892
228
825
721
297
359
469
561
402
791
206
345
836
204
473
956
18
119
553
476
426
268
622
294
981
537
955
817
87
300
953
259
832
712
916
315
133
483
821
254
515
656
195
406
899
946
828
765
380
682
79
393
864
64
1
274
444
471
425
495
376
3
267
111
846
409
498
450
186
474
481
934
643
781
325
796
419
40
126
978
578
893
258
775
770
945
173
863
534
750
157
723
81
58
43
199
551
41
541
728
731
219
175
530
699
824
571
24
214
620
106
431
737
36
638
416
453
432
736
488
448
457
961
705
860
507
322
329
670
420
337
75
545
289
185
629
683
234
904
940
158
681
894
664
356
696
575
968
451
65
35
918
34
557
292
459
818
441
390
645
665
881
221
628
802
989
112
61
198
389
766
257
367
105
280
739
569
923
932
496
310
792
439
600
368
102
903
218
822
599
261
413
215
799
385
29
250
883
688
919
279
686
859
848
539
323
758
243
815
679
727
715
760
369
880
922
397
565
165
475
982
375
546
768
460
840
957
317
271
703
276
120
990
360
365
230
718
423
694
804
626
285
908
6
948
26
445
229
407
719
966
995
811
93
951
896
749
466
519
217
148
901
302
819
253
870
576
843
410
662
587
45
974
685
965
853
549
103
252
30
888
236
624
902
134
823
140
59
117
950
738
110
32
926
753
486
783
101
856
143
99
814
778
263
20
803
311
400
970
88
887
479
979
755
235
563
877
92
394
666
155
378
673
33
889
127
98
784
769
77
504
709
170
377
800
517
603
885
939
554
314
500
983
964
506
707
725
288
17
458
855
321
936
564
831
756
868
489
278
601
55
550
37
49
383
687
308
125
540
938
764
411
678
477
560
339
807
265
692
382
2
873
786
161
465
47
19
529
654
744
200
980
845
924
335
592
167
210
773
935
330
25
710
384
135
619
834
663
544
547
137
225
180
952
794
164
798
132
915
213
568
438
487
972
245
216
954
331
80
227
82
66
906
403
478
511
812
470
518
352
320
746
201
212
351
39
60
556
428
124
653
797
937
493
876
875
898
925
391
168
691
67
650
844
559
482
433
11
570
562
242
480
734
306
998
548
68
895
789
987
104
641
499
762
991
869
152
977
608
533
512
690
614
346
194
485
584
417
684
649
424
907
949
189
637
355
472
621
197
171
716
771
362
647
900
612
742
23
861
139
713
238
595
874
867
567
543
303
976
748
144
366
491
657
177
597
196
277
841
871
508
538
642
714
121
810
573
202
62
921
363
224
146
209
1000
607
680
862
332
118
107
826
837
399
985
344
973
503
591
299
890
256
463
176
129
589
408
701
839
447
404
909
414
262
273
348
634
780
222
